0 0
1 4
0 27
0 31
0 35
1 38
0 60
0 61
0 66
0 67
0 68
1 70
1 80
0 87
0 107
0 124
0 133
0 135
0 149
0 163
1 179
0 187
1 197
0 198
1 204
1 209
0 217
1 243
1 259
0 268
0 277
1 347
0 361
1 371
0 373
1 374
0 391
0 413
0 415
0 419
1 444
0 456
0 457
0 464
0 469
0 476
1 478
1 482
1 485
0 486
0 493
0 495
0 506
0 516
0 532
0 535
0 549
1 551
0 559
1 560
0 564
1 565
0 566
0 581
1 587
0 612
0 616
1 620
1 640
0 651
0 663
1 687
0 701
1 702
0 705
0 709
0 726
1 730
0 752
1 753
1 755
0 766
1 780
1 785
1 793
1 794
0 811
1 820
1 824
0 833
0 839
0 849
0 867
1 872
0 875
1 886
0 889
0 890
0 892
0 898
1 900
1 908
1 916
0 930
0 957
1 959
1 977
0 984
1 1005
1 1009
0 1019
0 1029
0 1035
0 1040
0 1042
0 1052
0 1057
1 1058
0 1072
1 1073
0 1075
0 1083
1 1088
0 1091
0 1096
0 1113
0 1114
1 1128
0 1142
0 1145
1 1158
0 1161
1 1182
1 1187
0 1201
0 1213
0 1219
0 1224
0 1240
0 1242
1 1248
0 1283
1 1289
0 1292
0 1309
0 1316
1 1319
1 1328
0 1331
0 1335
0 1345
0 1346
1 1347
1 1371
0 1378
0 1381
1 1388
0 1423
0 1437
0 1456
0 1457
0 1461
0 1471
1 1490
0 1497
1 1538
0 1539
0 1570
0 1578
1 1585
0 1587
0 1593
1 1598
0 1604
0 1606
1 1612
0 1622
0 1630
0 1636
0 1648
0 1651
1 1659
0 1666
1 1668
1 1669
0 1673
1 1674
1 1701
1 1705
1 1713
0 1761
0 1763
1 1785
1 1794
0 1801
1 1808
1 1810
0 1831
0 1834
1 1845
0 1854
0 1868
0 1869
1 1879
0 1887
1 1909
0 1935
0 1943
0 1945
1 1946
1 1949
0 1960
1 1989
0 1995
1 2003
0 2004
0 2008
0 2018
1 2047
1 2048
0 2053
0 2063
0 2077
1 2117
0 2130
0 2132
0 2133
0 2134
0 2139
0 2165
0 2169
0 2171
0 2184
0 2208
0 2209
1 2226
0 2236
0 2245
0 2248
1 2253
0 2262
0 2265
0 2282
1 2290
0 2291
0 2299
1 2313
0 2329
0 2339
0 2345
0 2346
1 2376
1 2377
1 2381
0 2388
0 2423
0 2432
0 2434
1 2440
0 2447
0 2459
1 2462
0 2463
0 2469
0 2498
0 2514
1 2533
1 2553
0 2558
0 2562
1 2565
0 2568
0 2572
0 2577
1 2586
0 2597
0 2601
0 2629
0 2638
0 2664
1 2665
1 2674
1 2679
0 2695
0 2703
0 2731
0 2738
1 2747
0 2749
1 2755
1 2762
0 2766
0 2774
0 2787
1 2789
0 2803
0 2824
0 2840
1 2841
0 2893
0 2901
1 2908
1 2951
1 2972
1 2975
0 2980
0 2986
0 2988
0 3004
0 3005
0 3008
1 3010
0 3011
1 3025
0 3031
0 3063
1 3065
1 3066
0 3079
0 3087
0 3101
0 3106
0 3108
0 3109
1 3120
1 3137
1 3143
0 3147
0 3151
0 3155
0 3161
0 3170
0 3183
1 3189
1 3204
0 3221
0 3239
1 3242
1 3247
0 3250
0 3253
1 3259
1 3265
0 3267
0 3269
0 3280
1 3288
0 3293
0 3299
0 3301
1 3310
1 3319
0 3336
0 3338
0 3346
1 3353
1 3359
0 3366
0 3381
0 3398
0 3400
0 3416
0 3419
0 3488
0 3510
1 3512
0 3519
0 3531
0 3541
0 3543
1 3558
0 3562
0 3566
0 3569
0 3575
0 3578
0 3586
0 3594
0 3635
1 3654
1 3659
0 3661
0 3666
0 3676
0 3679
0 3693
1 3702
0 3706
0 3712
0 3721
0 3736
1 3737
1 3738
0 3747
1 3751
0 3759
0 3769
1 3780
1 3781
0 3783
0 3789
0 3801
1 3821
0 3832
0 3847
0 3848
1 3868
0 3872
1 3924
0 3925
0 3929
0 3950
0 3952
0 3960
0 3976
0 4014
1 4068
0 4075
1 4086
1 4091
1 4106
1 4108
0 4113
0 4114
1 4121
1 4142
1 4144
1 4157
1 4185
1 4199
1 4209
1 4225
0 4237
1 4244
1 4259
1 4260
1 4298
1 4304
1 4307
0 4329
0 4330
1 4348
1 4365
0 4374
1 4379
0 4437
0 4438
1 4445
1 4471
1 4476
1 4490
1 4499
0 4517
1 4522
0 4532
0 4533
1 4542
0 4550
0 4553
1 4562
0 4566
1 4589
0 4596
1 4611
0 4616
1 4617
0 4624
1 4633
1 4634
1 4640
1 4648
1 4655
0 4670
0 4676
0 4685
1 4693
1 4709
1 4722
0 4729
0 4735
1 4748
0 4749
0 4752
1 4756
0 4757
1 4761
1 4765
1 4780
0 4813
1 4837
1 4843
0 4852
0 4857
1 4864
1 4868
1 4870
1 4872
1 4882
0 4897
1 4898
1 4911
1 4932
1 4937
1 4953
0 4960
0 4994
0 4996
1 4999
1 5002
1 5007
1 5019
1 5020
1 5023
1 5030
1 5035
1 5048
0 5054
1 5068
1 5070
1 5081
1 5086
0 5089
1 5094
1 5109
1 5128
1 5132
0 5154
0 5213
1 5220
1 5241
1 5243
1 5258
1 5263
0 5269
1 5275
0 5292
1 5307
0 5315
0 5361
0 5362
1 5367
1 5368
0 5409
1 5415
1 5435
1 5457
1 5466
0 5474
1 5487
1 5499
0 5503
1 5505
0 5508
1 5516
0 5529
1 5536
1 5538
1 5542
1 5556
1 5561
1 5571
1 5582
0 5585
0 5602
1 5604
1 5618
1 5619
1 5633
1 5649
1 5656
1 5666
0 5669
0 5685
1 5700
0 5705
1 5719
0 5727
0 5729
1 5731
1 5744
1 5749
1 5757
1 5778
1 5779
1 5782
1 5787
1 5796
1 5815
1 5832
1 5833
1 5852
0 5870
0 5876
0 5885
1 5888
0 5904
0 5918
1 5949
1 5950
1 5963
1 5970
1 5987
1 6012
1 6017
0 6041
1 6053
1 6054
0 6068
0 6078
0 6081
0 6090
1 6116
1 6122
0 6126
1 6130
0 6139
1 6149
0 6155
1 6160
1 6162
1 6166
0 6188
1 6194
1 6198
1 6202
0 6215
1 6219
1 6250
1 6253
1 6260
1 6271
1 6275
0 6276
1 6278
1 6295
1 6301
0 6306
0 6307
1 6313
0 6317
1 6321
1 6324
1 6325
1 6336
0 6342
0 6363
0 6386
1 6387
1 6398
1 6461
0 6466
1 6468
1 6482
0 6490
1 6499
1 6508
1 6527
1 6557
0 6559
1 6577
0 6582
1 6596
1 6599
1 6625
1 6630
1 6639
1 6648
1 6655
0 6658
1 6659
1 6663
1 6672
1 6683
1 6686
1 6691
0 6726
1 6764
1 6765
1 6776
1 6785
1 6793
0 6794
1 6796
1 6823
1 6830
0 6837
0 6838
1 6880
1 6884
1 6899
0 6906
0 6925
1 6943
0 6956
1 6959
0 6966
1 6981
1 6988
1 7001
1 7005
0 7006
0 7034
1 7052
1 7080
1 7086
1 7100
1 7102
1 7116
0 7117
1 7121
1 7132
1 7139
1 7142
1 7154
0 7163
1 7167
1 7170
0 7175
0 7181
1 7189
1 7198
1 7203
1 7218
1 7240
0 7282
1 7288
1 7305
1 7326
0 7334
0 7337
0 7344
0 7356
1 7368
0 7369
1 7372
1 7374
1 7375
1 7376
1 7402
1 7413
0 7424
1 7427
0 7433
1 7448
1 7455
1 7463
1 7477
1 7482
1 7483
1 7514
1 7528
0 7533
1 7554
1 7556
1 7563
0 7574
0 7591
1 7612
0 7632
0 7638
0 7641
0 7658
0 7664
1 7675
1 7677
0 7678
0 7703
0 7710
1 7724
1 7736
1 7743
1 7759
1 7760
0 7773
0 7784
1 7789
1 7795
1 7810
0 7813
0 7827
1 7839
1 7844
1 7866
1 7872
1 7874
1 7883
0 7884
1 7900
1 7908
0 7909
1 7914
1 7936
1 7939
1 7941
1 7942
1 7949
1 7950
0 7954
0 7966
1 7974
