1 880
1 960
0 1414
0 6475
0 3155
0 2236
0 1141
1 4255
1 7334
0 2767
1 6938
1 5666
1 4004
0 4273
0 4481
0 4391
1 6827
1 590
1 4849
0 1744
1 7927
1 5821
1 5344
0 3535
1 7406
0 5333
1 565
1 5726
0 2719
0 7415
0 7636
1 7518
0 816
1 842
1 6638
1 5606
0 3088
1 3460
1 7960
0 4812
0 4523
0 82
0 647
0 2174
1 6432
1 6487
0 3076
1 1338
0 235
0 3961
0 5702
1 331
1 3733
0 1024
0 4431
1 2789
0 5855
0 4400
0 3779
1 7893
1 7376
1 1876
0 6986
1 6323
0 303
1 6882
0 3766
0 2142
1 5762
0 1040
1 6197
0 3713
0 3945
0 3903
0 2788
0 335
0 2425
0 3362
1 6953
0 3530
1 5500
0 3332
1 5752
1 3053
1 5120
0 1270
0 1016
0 5539
1 2261
1 6800
1 5096
0 3059
0 192
0 1248
0 1562
0 7894
1 538
0 926
1 6685
1 99
1 7419
1 7673
1 4357
1 170
0 3328
1 6245
1 5555
0 1907
1 5330
0 294
0 6656
1 3085
0 74
0 69
1 7727
0 1074
1 5459
1 7307
0 767
0 5628
1 7136
0 3745
0 7243
1 7423
1 978
0 7743
1 2648
1 6099
1 6063
0 5274
0 6829
0 459
1 4949
1 2288
1 4639
0 2618
1 6932
0 3922
0 7268
1 2611
0 7167
0 2027
0 1568
0 2192
0 2434
1 6295
0 4010
1 1259
1 6479
1 81
1 5236
0 7566
0 717
1 7663
1 6842
1 5221
1 7143
0 6318
1 5934
1 7574
1 3289
1 4608
1 6413
0 1660
0 2317
1 6054
1 3247
0 1816
0 1228
1 2182
0 1945
1 6369
0 1041
1 7404
1 6762
0 2311
0 7178
0 6062
0 3383
1 5402
1 5256
1 4109
1 4459
0 3831
1 3791
0 183
0 1498
1 6487
1 658
1 4210
1 607
0 978
0 2096
0 3057
0 6150
1 6574
0 6846
1 4898
1 4726
0 5367
1 3693
1 6850
1 3624
1 4878
0 932
1 3732
1 116
1 4009
0 1867
0 5822
0 2503
0 4324
1 4398
0 6345
1 37
0 907
1 1650
0 2429
1 3739
1 6829
0 980
1 6254
1 5255
0 4403
1 899
1 6883
0 3241
1 5007
1 6973
1 5962
0 5526
1 2235
1 6743
0 3160
1 6201
0 3086
0 7665
0 5436
1 6966
1 6959
0 3172
1 7204
1 646
0 1807
0 3589
1 3869
1 3712
1 4503
1 6074
1 2423
1 5681
0 3570
1 1017
1 298
1 5217
0 5970
0 3500
1 7436
1 3866
1 575
1 2639
1 4865
0 1924
0 5161
0 7356
1 588
1 4267
1 4163
0 148
1 403
1 7392
1 907
0 1699
0 1034
0 3624
1 5600
0 148
0 4932
1 2166
0 2788
1 5988
0 1516
1 4096
1 6494
0 7406
0 4349
1 4558
0 3382
0 1241
0 6903
0 3529
1 6685
0 3114
1 6408
1 7544
0 2175
0 4938
1 4480
0 3459
1 595
0 3406
0 3535
0 2456
0 6661
1 7600
0 3593
1 6342
0 6633
0 437
0 2955
1 5020
0 2983
0 1498
0 1912
1 6249
0 3560
1 4438
0 2751
1 7663
1 1446
0 4620
0 5313
0 330
0 7001
1 7336
1 4521
1 2397
1 3119
1 3779
1 872
0 1114
0 186
0 1043
1 6777
0 2349
0 6808
0 5866
1 4559
0 2570
0 1064
1 3339
0 7051
0 7488
0 3339
0 6812
0 5499
0 3760
1 6168
0 4587
0 6389
1 87
1 6144
1 1945
1 7327
0 2332
0 5723
1 3944
0 2810
0 2929
1 4998
0 7558
0 3449
1 3796
0 1687
0 7030
1 7046
0 3048
0 2831
0 686
0 6330
1 6778
0 3408
0 6716
1 5116
0 6252
0 7524
1 1292
0 7272
0 3708
1 5030
1 4671
1 1563
0 2244
0 245
0 5254
0 6291
0 1987
0 2276
0 3631
1 7316
0 881
1 5085
1 6686
1 5647
0 393
1 2977
0 5995
0 3114
0 7594
0 1795
1 2372
1 2504
1 1885
1 6484
0 2155
1 2147
0 5973
0 3233
1 3759
1 7492
0 6700
0 3104
0 2274
1 7338
1 5994
0 1134
1 3424
1 5166
0 4798
0 2244
1 5844
0 6003
0 1256
0 2084
1 4590
0 836
1 5138
1 2474
0 3686
1 4583
0 4611
1 4520
0 3456
0 1562
1 722
1 4492
1 6518
0 1791
0 3059
0 188
1 6511
1 5493
1 6673
0 1604
0 3083
1 3790
0 2425
1 4478
0 2443
1 7133
0 7513
0 2402
1 6942
0 1328
0 95
0 5199
1 3314
0 3604
0 72
1 5185
1 4132
0 1672
0 5873
0 1045
1 3987
0 914
0 416
0 1056
0 1554
0 2076
0 214
1 999
0 2287
1 3811
0 3817
1 3764
1 5491
0 2305
0 4283
0 4621
1 5232
0 1411
0 2340
0 2555
0 1799
1 6256
0 4076
0 7060
1 6740
0 4562
0 5712
0 5830
1 6561
1 5113
0 3034
0 6899
0 3642
0 4583
0 7474
1 4558
1 4398
0 3956
0 3937
1 4423
1 7309
1 5564
0 2971
1 4775
1 5259
0 822
0 1535
0 7311
0 5308
0 732
0 1379
0 1238
0 2216
1 5403
0 1308
1 2930
0 335
0 5230
0 1292
0 3308
1 2197
0 2649
0 4358
1 3725
0 1703
1 5568
1 4588
1 6074
0 6330
1 5113
1 5567
1 6333
1 3931
1 4738
0 6760
0 994
0 1374
1 2364
1 4051
1 6089
0 6125
1 4228
0 6626
0 5260
0 1024
0 5883
0 6233
0 1001
1 6102
0 2475
1 5286
0 4394
0 247
0 1850
1 4392
1 3492
0 2404
1 2183
0 2549
1 2080
0 4105
1 2969
0 4109
1 7180
0 3315
1 2495
1 4778
1 5095
0 689
0 2606
0 6326
0 5910
1 3398
1 4305
1 6346
0 5076
1 780
0 1736
0 4196
0 2503
1 409
0 2030
0 3511
0 6207
0 345
0 4569
0 49
1 3034
0 3263
0 294
0 1579
0 4986
1 5584
1 1539
0 3500
0 6131
1 533
1 3877
1 3884
0 2656
0 3397
1 3873
1 5175
0 5796
0 3135
1 4189
0 7063
0 1532
0 5354
1 5454
0 3024
0 2890
0 7322
0 5658
1 4506
0 3505
1 4417
1 2317
0 1233
0 1638
1 1964
1 5772
0 2801
1 5656
1 3585
0 3397
1 6570
1 4182
0 574
1 60
1 3680
0 5904
1 7181
0 2400
1 6456
1 7329
0 1516
0 5329
1 2202
1 1172
1 4147
1 1147
0 2721
1 310
0 285
1 4730
0 2179
0 5945
0 3306
1 5786
1 5457
0 567
0 3122
1 3318
1 4253
1 3942
0 7209
0 2284
1 5459
0 1104
1 6986
0 1926
1 4148
1 6030
1 5763
0 1837
0 4282
1 1629
1 4363
0 240
0 6892
1 6759
1 5410
0 1402
0 2880
1 5911
1 3704
0 7189
0 6986
1 6189
0 4274
1 6599
1 2674
1 5296
0 4356
0 776
0 1400
0 1360
1 4866
0 2186
1 5377
1 4161
0 2521
0 2657
1 7056
0 5628
0 1863
1 4
0 731
0 4441
1 4600
0 5183
1 5942
1 4955
1 5128
1 7075
0 3337
0 4860
1 4634
0 654
0 3284
1 2710
0 2219
0 6878
0 2581
0 3181
1 6746
0 138
0 294
1 5738
0 5776
0 4443
1 3989
0 5277
1 373
0 624
1 6676
0 2254
0 3604
0 266
0 2906
1 4648
1 3429
1 4433
1 4183
0 4202
0 2385
0 7168
0 3278
0 2521
0 391
0 1875
1 6895
0 98
1 4389
0 2882
1 1078
1 886
1 3949
1 3805
1 5710
0 7015
1 4208
1 4690
1 6706
1 2368
1 1329
0 2118
1 343
0 4887
0 5076
1 5626
1 5070
0 6793
0 6146
1 4929
0 1783
1 4310
1 4707
0 632
0 1793
0 613
1 6504
1 5277
1 7188
0 3202
0 2534
0 6338
0 3019
1 1276
0 4421
1 6609
0 1788
0 1075
1 3984
1 5606
0 5355
0 376
0 3416
1 2449
1 7035
0 1116
1 4082
1 6678
1 5326
1 6831
