1 1104
0 337
0 7105
1 253
1 5011
0 4159
1 797
0 5855
1 2904
0 1854
1 6115
1 6280
0 2464
1 2816
1 6685
0 7398
1 6353
1 1461
0 1666
1 1163
1 728
0 1872
1 7627
0 3008
1 571
0 2542
0 2533
1 5458
0 12
0 3193
1 807
1 6715
1 1591
0 6361
0 2204
0 1411
1 5922
1 4120
0 6508
1 4004
0 3433
0 100
1 2473
0 4073
0 6280
0 6757
1 1733
0 1615
0 4773
1 972
0 6903
0 4364
0 4676
0 5881
0 2193
0 52
0 1972
1 827
1 2698
1 4002
0 5130
0 194
0 2884
0 6309
1 4989
1 6990
0 3280
1 3130
1 6621
1 6687
1 6048
1 3730
0 773
0 1972
1 6833
1 2591
1 5721
0 49
1 4264
1 4279
1 627
0 1083
1 732
0 541
1 2858
1 4365
1 2214
0 4810
1 397
1 3376
1 851
0 2119
0 6981
1 3784
1 6703
0 6618
1 2874
1 1280
0 1497
0 576
1 3827
0 4673
1 3667
1 5057
0 1863
1 4763
0 3961
0 2172
1 2855
0 7072
1 1609
1 6864
0 6463
1 7021
1 6571
1 3452
1 7718
1 71
1 4081
1 2422
1 2736
1 982
0 3149
0 5985
0 4186
0 4606
0 842
1 5798
1 3539
1 4115
0 1259
1 5650
0 5749
0 6860
0 5517
1 2623
1 6935
1 783
1 2861
1 2053
0 2089
1 1592
1 5723
1 6814
0 274
0 3203
1 6367
0 7678
0 6538
0 4715
0 1357
0 3389
0 2908
0 2960
1 1416
1 6788
1 3128
0 4084
1 3509
0 7724
0 6554
0 4212
1 7608
0 947
0 1306
0 5986
1 7091
0 5902
0 5775
0 43
0 1060
0 4136
1 2063
0 3295
0 6416
1 1949
1 508
1 1799
1 232
1 4108
0 250
0 7345
1 6527
1 3522
1 7592
1 4060
1 32
0 1815
1 2219
1 4759
0 4589
1 303
0 3113
0 6914
1 5658
0 726
0 1385
0 697
0 154
0 1144
1 1106
1 6693
0 5774
0 1269
0 4739
1 1219
0 811
0 2526
1 2147
1 7786
0 7447
0 1371
0 6349
0 2793
1 3694
0 3809
0 1036
1 7422
1 2481
0 3320
0 5139
1 4866
0 1411
1 3564
1 5007
0 4241
1 2503
0 3341
0 6671
1 4629
1 3903
0 2722
0 1669
0 4185
0 5826
1 6986
0 5322
1 6528
0 3509
0 319
1 1856
0 6709
0 518
0 1517
0 1173
1 3646
1 2022
1 5350
0 5582
1 6644
1 4002
0 1917
0 719
1 6619
1 6673
1 2290
0 3406
1 6757
1 547
0 2412
0 6136
1 7015
0 3858
1 5752
1 3782
0 2411
1 2229
0 2630
0 2812
1 294
0 2825
1 4231
0 3120
0 5986
0 6840
0 5958
0 7379
1 2262
0 234
0 3977
0 6423
0 2437
1 7218
1 822
0 75
0 3170
1 725
0 3316
0 5037
1 5765
0 5440
1 996
1 3498
1 2363
0 6682
1 5347
1 361
0 3211
1 1159
1 5889
1 5541
1 7494
0 7058
0 2892
1 5405
1 580
0 6139
1 504
1 6267
1 3103
1 4029
1 4873
1 3032
1 1622
1 3834
1 3906
0 4421
1 6811
1 3673
0 417
0 3120
1 5149
1 4811
1 4934
0 4441
0 5342
1 3684
1 1188
0 2806
1 4079
1 2598
0 4768
0 5552
1 6831
0 70
1 4497
0 2804
0 1378
0 2454
1 5005
0 5751
0 5536
0 2719
0 2693
1 1113
1 2848
0 3378
0 522
0 194
0 4083
0 1654
1 873
1 6170
1 2901
1 4894
1 7500
1 1085
1 2955
1 2056
1 1501
1 638
1 5588
1 7324
0 6810
1 1031
1 3067
0 2679
0 1773
0 3340
0 2636
0 1891
1 4479
1 4506
0 3572
0 5227
1 3569
0 368
0 5369
0 4004
0 675
0 6222
0 4738
1 5247
0 4023
0 2192
1 1908
0 6156
0 552
1 2242
0 2018
1 6374
1 5829
1 1753
1 3091
0 7038
1 3479
0 3234
0 905
0 4064
1 3707
1 6476
0 2103
1 6490
0 7052
1 592
0 2638
1 6126
0 4688
1 515
0 6098
0 7256
1 4640
1 2250
1 1217
0 1247
1 4793
0 2866
0 7563
0 6974
1 6100
0 5374
0 3043
1 3659
0 3786
1 1446
1 1307
1 1079
0 3840
1 6061
1 3873
0 4602
0 2324
1 7245
1 4179
0 5251
1 2856
0 2074
1 5544
0 6596
1 4302
0 2333
0 2414
1 2925
1 3409
0 7021
0 732
1 1526
0 7404
1 3790
1 5498
1 966
0 4511
0 7491
1 2233
0 5752
0 1882
1 4845
0 6527
1 3841
0 702
1 3464
0 768
0 5835
0 5537
1 5608
1 6612
1 1288
1 1884
1 7144
0 1591
0 4609
0 5765
1 82
1 1802
1 6235
0 4264
0 4528
0 157
1 2227
0 6013
1 1458
0 2087
1 1450
1 1437
0 2508
0 465
1 1026
0 3335
0 5250
1 4291
1 650
1 5324
0 3367
0 4610
0 698
1 6529
0 380
0 1642
1 6826
0 3276
0 3014
0 5077
1 1410
0 2266
0 5935
0 879
0 3721
0 232
0 2487
1 6166
0 6063
0 7024
0 1597
1 7217
0 5379
1 6178
0 1114
0 4945
1 2527
0 5930
0 991
0 3927
0 4834
0 2391
1 3813
1 2832
1 4744
0 1214
0 2129
0 1781
1 2296
1 5476
0 2896
0 1844
1 1604
1 431
1 7376
1 778
0 5911
1 6778
1 721
1 1285
0 4761
1 2856
0 316
1 5942
0 3140
0 5444
0 6662
1 5727
1 6004
1 6516
1 2930
1 3344
0 3757
0 6789
1 4444
1 1905
1 4655
1 959
0 6044
0 2897
1 955
1 4856
0 6086
0 3456
0 2011
1 6342
0 4436
1 3855
0 6952
1 6731
1 4532
1 136
1 3904
0 1580
0 5986
1 2023
1 5335
1 3009
1 64
1 3160
1 2574
1 2697
1 1875
0 3378
1 6163
0 514
0 5009
1 3657
1 3312
0 5743
1 98
0 6492
0 5320
1 197
1 6569
1 5187
1 4265
1 2860
0 5083
1 5815
1 4267
1 1344
1 6301
1 1448
0 3576
1 3370
0 2367
1 1281
0 5210
1 2260
1 123
0 3240
1 6425
0 2673
1 1841
0 3514
0 1517
1 7267
1 1597
1 3799
1 4721
0 4300
0 5168
1 6350
0 4185
0 4681
0 5557
1 3880
1 4719
0 1975
0 2470
0 3501
1 5427
1 3922
1 5569
1 4564
0 2708
1 1556
1 2243
1 4622
0 915
1 5604
1 2042
0 3504
1 5013
0 7140
0 2327
1 50
1 4523
0 7090
0 286
0 2448
0 6985
0 6206
0 5194
0 2196
0 757
0 4003
0 6952
1 2122
1 3092
0 2280
0 6029
1 4950
1 615
0 656
0 6639
1 1274
0 6772
0 3340
0 5797
0 3642
0 6931
0 912
0 2827
0 7206
0 386
1 1174
1 4183
0 3614
1 2175
1 4800
1 4850
0 5207
1 6577
1 247
0 2287
0 1825
1 1458
1 747
1 564
1 6344
0 4462
0 2864
1 5828
0 5479
0 4179
1 704
1 6638
1 2148
0 4485
0 1373
1 6503
0 4991
0 3443
1 4989
1 1394
0 4235
1 2656
0 4895
0 2418
1 5806
0 4116
0 2056
0 1865
0 932
0 816
1 6659
0 4942
1 3817
1 2217
1 6330
0 411
1 516
1 673
1 2422
1 1535
1 7157
0 1718
0 6913
1 5111
0 2971
1 2184
0 6340
1 1501
1 2730
0 4830
0 4648
0 5415
0 689
0 6740
1 5568
0 2740
0 7157
0 6958
1 6051
0 3875
0 6147
0 3868
1 6210
1 5888
0 2121
0 1862
0 3410
0 358
1 4445
1 6391
1 5699
0 5391
0 2269
1 3538
0 3783
0 3203
1 473
1 1148
1 6223
1 6565
0 5833
1 436
0 4726
1 4501
1 3729
1 1419
0 2525
0 6689
1 4455
1 2779
0 136
1 2170
0 2722
1 3896
0 3785
1 3805
0 2770
0 2314
1 219
1 3577
1 3559
1 4134
1 6260
1 5756
1 5391
1 49
1 945
1 6670
1 3632
0 949
0 5157